# Section 4.0 - Cant Alignment

Cant (also called superelevation) is the transverse inclination of a railway track cross-section: the elevation difference between the two railheads when one rail is raised above the other. By tilting the track into a curve, cant directs a component of gravitational force inward, partially offsetting the centrifugal acceleration experienced by vehicles negotiating the curve. The result is improved ride quality, reduced wheel–rail lateral forces, and the ability to operate at higher speeds through curves without exceeding comfort or safety limits.

Cant is measured as a length — the height difference between railheads — rather than as an angle. The conversion between the two depends on track gauge. `IfcAlignmentCant.RailHeadDistance` supplies the centre-to-centre distance between railheads, which is the lever arm for this conversion.

## 4.1 General

An `IfcSegmentedReferenceCurve` describes the cross slope of superelevated rail lines as a track banks through curves. When the point of rotation is about one of the railheads, the alignment elevation must deviate to accomodate the cross slope. 

An `IfcSegmentedReferenceCurve` also describes this deviation in elevation. As a subtype of `IfcCompositeCurve`, an `IfcSegmentedReferenceCurve` consists of an end to start collection of `IfcCurveSegment`. An `IfcSegmentedReferenceCurve` also has a `BasisCurve` which is typically an `IfcGradientCurve`.

Table 4.1-1 maps each `IfcAlignmentCantSegment.PredefinedType` to its corresponding parent curve type.

  Business Logic (`IfcAlignmentCantSegment.PredefinedType`) | Geometric Representation (`IfcCurveSegment.ParentCurve`)
  -----------------------------------------|-----------------------------------
  CONSTANTCANT                             |`IfcLine`
  LINEARTRANSITION                         |`IfcClothoid`
  HELMERTCURVE                             |`IfcSecondOrderPolynomialSpiral`
  BLOSSCURVE                               |`IfcThirdOrderPolynomialSpiral`
  COSINECURVE                              |`IfcCosineSpiral`
  SINECURVE                                |`IfcSineSpiral`
  VIENNESEBEND                             |`IfcSeventhOrderPolynomialSpiral`

  *Table 4.1-1 — Mapping of business logic to geometric representation for cant alignment*

### 4.1.1 Cant Transition

Cant transitions occur when the segment start elevation differs from the
segment start elevation of the next segment. The left section in Figure 4.1-1 shows the cross section of a rail line. At the start of the segment, right rail is elevated above the left rail. The y-ordinate of `IfcCurveSegment.Placement.Location` indicates the deviating elevation at the centerline between rails, which is one-half the cant value at the right rail. The y-ordinate of `IfcCurveSegment.Placement.Location` for the next segment indicates a value of 0.0 meaning that the cant transitioned from the starting value to zero over the length of the segment. This transition is the rotation of the right rail about the left rail, and the corresponding change in deviating elevation at the centerline over the length of the segment. The cant transition is shown in the right section of Figure 4.1.1-1 as a linear transition. `IfcCurveSegment.ParentCurve` defines how the transition occurs. Figure 4.1.1-2 shows a non-linear transition of the centerline and right rail deviating elevations. Notice that the deviating elevation of the left rail is constant at zero because it is the point of rotation.

When the segment start elevation is the same as the start of the next segment, the deviating elevation along the length of the segment is constant. This occurs when centrifugal forces are constant or zero, in constant radius curvature and straight sections of the railway, respectively.

![](images/IfcSegmentedReferenceCurve.jpg)

*Figure 4.1.1-1 - cross section and elevation of a cant segment (source: bSI)*

![](images/Cant.svg)

*Figure 4.1.1-2 - Deviating elevation of rails*

The railhead cross slope angle is defined by the `IfcCurveSegment.Placement.Axis` attribute. The `Axis` direction is generally upwards. Figure 4.1.1-3 shows the cross slope angle for the transitions in Figure 4.1.1-2. The direction perpendicular to the plane of the railhead is about 1.46 rad at the start of the segment and increases to about 1.57 as the rotation decreases. When the left and right rails are at the same elevation, The cross slope angle is measured from the y-axis is $\tfrac{\pi}{2}$.

![](images/CrossSlopeAngle.svg)

*Figure 4.1.1-3 - Rail head cross slope*

### 4.1.2 Coordinate System

The coordinate system is shown in Figure 4.1.1-1, but it is difficult to understand.

`IfcCurveSegment.Placement.RefDirection` is tangent to the "distance along" the base curve in the horizontal plane, (e.g. `IfcSegmentedReferenceCurve.BaseCurve` => `IfcGradientCurve.BaseCurve` => `IfcCompositeCurve`).

The railway cross section is in the plane defined by `Y` and `Z`. Looking in the positive sense down the alignment, `Y` is towards the left and `Z` is upwards. The cross slope angle is measured clockwise from `Y`.

### 4.1.3 Transition Functions
The transition functions used to shape cant variation have the same functional form as functions used for horizontal transition curves: line, clothoid (linear cant), Helmert, Bloss, cosine, sine, and Viennese bend. In practice, the cant transition type always matches the horizontal transition type and segment length, though IFC does not enforce this constraint.

As an example, the horizontal tangent direction, $\theta(t)$, and the radius of curvature, $\kappa(t)$, for a Helmert curve is a second order polynomial of the form

$$\theta(t) = \tfrac{t^{3}}{3A_{2}^{3}} + \tfrac{A_{1}}{2\left| A_{1}^{3} \right|}t^{2} + \tfrac{t}{A_{0}}$$

$$\kappa(t) = \tfrac{\theta(t)}{dt} = \tfrac{1}{A_{2}^{3}}t^{2} + \tfrac{A_{1}}{\left| A_{1}^{3} \right|}t + \tfrac{1}{A_{0}}$$

The cant deviating elevation for a Helmert transition is of the same form as the curvature

$$\tfrac{D(s)}{L^{2}} = \tfrac{1}{A_{2}^{3}}s^{2} + \tfrac{A_{1}}{\left| A_{1}^{3} \right|}s + \tfrac{1}{A_{0}}$$

The deviating elevation has the same functional form as the radius of curvature of the horizontal alignment segment. 

In IFC, the semantic cant profile is encoded in `IfcAlignmentCant` and its child `IfcAlignmentCantSegment` entities. The geometric representation is an `IfcSegmentedReferenceCurve`, which evaluates the cant at every point along the alignment and, in conjunction with the horizontal alignment `IfcCompositeCurve` and the vertical alignment `IfcGradientCurve`, produces the full 3D track centerline geometry.

Each `IfcCurveSegment` in an `IfcSegmentedReferenceCurve` is evaluated in a two-dimensional coordinate system whose axes are *distance along the horizontal alignment* $\ell$ and *deviating elevation* $D$. The deviating elevation is the vertical offset applied to the track centerline, away from the gradient curve, to produce the correct cross-slope angle at every point along the segment.

The `StartCantLeft` $D_{sl}$, `EndCantLeft` $D_{el}$, `StartCantRight` $D_{sr}$, and `EndCantRight` $D_{el}$ attributes of `IfcAlignmentCantSegment` determine $D_s$ and $D_e$ as the averages of their respective left and right values:

$$D_s = \tfrac{D_{sl} + D_{sr}}{2}, \quad D_e = \tfrac{D_{el} + D_{er}}{2} \quad \Delta D = D_e - D_s$$

The cross-slope angle $\phi$ at a given point is not obtained directly from the parent curve equation; instead it is interpolated between the start and end cross-slope angles encoded in the `Axis` vector of the `IfcCurveSegment.Placement`, using the deviating elevation as the interpolation parameter:

$$\phi(\ell) = \phi_s + \left(\tfrac{\phi_e - \phi_s}{\Delta D}\right)\bigl(D(\ell) - D_s\bigr)$$

**todo: verify, Drh is the hypotenous so maybe this shoud be cos**

$$\phi_s = \tan^{-1}\left(\tfrac{D_{rh}}{D_{sr} - D_{sl}} \right)$$

$$\phi_s = \cos^{-1}\left(\tfrac{D_{sr} - D_{sl}}{D_{rh}} \right)$$


where $\phi_s$ and $\phi_e$ are the cross-slope angles at the start and end of the segment and $D(\ell)$ is the deviating elevation at $\ell$. The cross-slope angle $\phi$ is the angle from the transverse $y$ axis to the projection of the `Axis` vector onto the Y-Z plane. In sections without cant, $\phi = \tfrac{\pi}{2}$.

The cross-slope angle can be determined from the `Axis` vector as $\phi = tan^{-1}\left(\tfrac{Axis.dz}{Axis.dy}\right)$

Together, the distance along, the deviating elevation $D(\ell)$, and the cross-slope angle $\phi(\ell)$ fully specify a 3D placement frame for the track centerline at each $\ell$. Section 4.2 describes an algorithm for constructing that frame and composing it with the horizontal and vertical matrices to produce a 3D position.

All examples use a railhead distance $D_{rh} = 1.5\ m$.

## 4.2 Curve Segment Evaluation Algorithm

Cant segments are evaluated in a two-dimensional "distance along, deviating elevation" $(\ell,D(\ell))$ coordinate system in which $d$ is the distance measured along the horizontal `IfcCompositeCurve` and $D(\ell)$ is the deviating elevation: the vertical offset applied to the track centerline to accommodate the cross slope. Unlike horizontal and vertical segments, each cant point also carries a cross slope angle $\phi(s)$, making the local frame inherently three-dimensional.

Let $s_0 = $ `IfcAlignmentCantSegment.StartDistAlong`.

**Step 1 — Form the curve segment placement matrix $M_{CSP}$**

$M_{CSP}$ is constructed from `IfcCurveSegment.Placement`: $(s_p, D_p)$ is the `Location` (distance along, deviating elevation).

$$\mathbf{Y}_p = \mathbf{Axis}_p \times \mathbf{RefDir}_p,\quad \mathbf{X}_p = \mathbf{Y}_p \times \mathbf{Axis}_p, \quad \mathbf{Z}_p = \mathbf{Axis}_p$$

The placement in matrix form is

$$M_{CSP} = \begin{bmatrix} 
X_p.x & Y_p.x & Z_p.x & s_p \\
X_p.y & Y_p.y & Z_p.y & D_p \\
X_p.z & Y_p.z & Z_p.z & 0 \\
0 & 0 & 0 & 1 
\end{bmatrix}$$

**Step 2 — Evaluate the parent curve at the trim start - $M_{PCS}$**

Compute the deviating elevation $D_s = D(s_0)$ and the slope angle $\theta_s = \tan^{-1}(D'(s_0))$.

Compute the cross slope
$$\phi(s_0) = \phi_s + \left(\tfrac{\phi_e - \phi_s}{\Delta D}\right)(D(s_0) - D_s)$$

Because $D(s_0) = D_s,\ \phi(s_0) = \phi_s$.

**to do fix subscripts, should be {pc}**

Construct the orthongial vectors

$$\mathbf{X}_p = (\cos\theta_s,\ \sin\theta_s,\ 0)$$
$$\mathbf{Z}_p = (0,\ \cos\phi_s,\ \sin\phi_s)$$
$$\mathbf{Y}_p = \mathbf{Z}_p \times \mathbf{X}_p$$
$$\mathbf{Axis}_p = \mathbf{X}_p \times \mathbf{Y}_p$$
$$\mathbf{RefDir}_p = \mathbf{Y}_p \times \mathbf{Axis}_p$$


In matrix form

$$M_{PCS} = \begin{bmatrix}
RefDir_p.x & Y_p.x & Axis_p.x & s_0 \\
RefDir_p.y & Y_p.y & Axis_p.y & D_s \\
RefDir_p.z & Y_p.z & Axis_p.z & 0 \\
0 & 0 & 0 & 1
\end{bmatrix}$$

**Step 3 — Evaluate the parent curve at the point under consideration, $\ell$ - $M_{PC\ell}$**

This step follows the same calculations as Step 2, except $D$ and $D'$ are evaluated at $\ell$.

The resulting matrix is

$$M_{PC\ell} = \begin{bmatrix}
RefDir_{\ell}.x & Y_{\ell}.x & Axis_{\ell}.x & {\ell} \\
RefDir_{\ell}.y & Y_{\ell}.y & Axis_{\ell}.y & D_{\ell} \\
RefDir_{\ell}.z & Y_{\ell}.z & Axis_{\ell}.z & 0 \\
0 & 0 & 0 & 1
\end{bmatrix}$$

**Step 4 — Compute resulting cant**

The resulting cant is the cant at the start of the segment plus the change from $s_0$ to $\ell$.

**Apply rotations**

Let $R$ be the 3x3 rotation matrix for each matrix $M$.

$R_c = R_{CSP} \times R_{PC\ell} \times R_{PCS}^T$

**Apply translation**

Let $T$ ge the 1x3 positional vector in column 4 for each matrix $M$.

$T_c = T_{CSP} + R_{PC\ell} - R_{PCS}$

**Combine into final matrix**

Treat $R$ and $T$ as 4x4 matrices and combine.

**[todo - need to represent this with property mathematics. this is effectively the same sort of separated rotation and translation calculation in step 5. they should be presented similarly]**

$M_c = R_c + T_c$

Step 5 is performed immediately for this point before moving to the next $\ell$.

**Step 5 — Combine with horizontal and vertical to produce the 3D placement matrix**

The cant result must be combined with the horizontal matrix $M_h$ (evaluated at distance $\ell$ along the `IfcCompositeCurve`) and the vertical matrix $M_v$ (evaluated at the same $\ell$). All three coordinate systems share the distance-along axis, so the positional components of $M_v$ and $M_c$ must be extracted before multiplication and added back afterward to avoid incorrectly rotating the position offsets.

Construct $M'_v$ as described in Section 3.2.

Construct $M'_c$ by zeroing the distance-along $\ell$ component in row 1, column 4 and moving the deviating elevation $D_{\ell}$ from row 2 to row 3 in column 4 of $M_c$:

$${M'}_c = \begin{bmatrix} 
X.x & Y.x & Z.x & 0 \\ 
X.y & Y.y & Z.y & 0 \\ 
X.z & Y.z & Z.z & D_{\ell} \\ 
0 & 0 & 0 & 1 
\end{bmatrix}$$

Extract position vectors from each modified matrix, $M'_v,\ M'_c$, (setting row 4 to zero), then zero column 4 before multiplying:

$$P_v = M'_v \text{ column 4, row 4 set to 0} = \begin{bmatrix} 0 \\ 0 \\ z \\ 0 \end{bmatrix}, \qquad P_c = M'_c \text{ column 4, row 4 set to 0} = \begin{bmatrix} 0 \\ 0 \\ D \\ 0 \end{bmatrix}$$

$$M''_v = M'_v \text{ with column 4 set to } (0,0,0,1)^T, \qquad M''_c = M'_c \text{ with column 4 set to } (0,0,0,1)^T$$

Multiply the three orientation matrices, then add back both position offsets:

$$M' = M_h \cdot M''_v \cdot M''_c$$

$$M_{3Dcant} = M' + 
\begin{bmatrix} 
0 & 0 & 0 & P_{v.x} \\
 0 & 0 & 0 & P_{v.y} \\ 
 0 & 0 & 0 & P_{v.z} \\ 
 0 & 0 & 0 & 0 
 \end{bmatrix} 
 + 
 \begin{bmatrix} 
 0 & 0 & 0 & P_{c.x} \\
  0 & 0 & 0 & P_{c.y} \\
   0 & 0 & 0 & P_{c.z} \\ 
   0 & 0 & 0 & 0 
   \end{bmatrix}$$

Column 4 of the final matrix $M_{3Dcant}$ is the full 3D position of the track centerline. Column 3 is the cross-slope direction, encoding the railhead superelevation at that point.


## 4.3 Constant Cant

Cant has a constant deviating elevation and cross-slope angle in rail segments between curves or in the circular portion of curves where the tracks are banked at a constant rate.

The parent curve is `IfcLine`. The slope-intercept form of a line is $y = mx + b$, where $m$ is the slope and $b$ is the $y$-intercept. The derivative is $y' = m$, and the second derivative is $y''= 0$.

In the context of cant, $D(s) = y'(x)$, so the deviating elevation is a constant value, $m$, and the rate of change of the deviating elevation $D'(s) = y''(x) = 0$.

### 4.3.1 Parent Curve Parametric Equations

The deviating elevation and its rate of change are given by the following equations.

$$D(s) = D_s = D_e$$

$$\tfrac{d}{ds}D(s) = 0.0$$

### 4.3.2 Semantic Definition to Geometry Mapping

Consider 100 m long segment of a railway that is turning towards the left. The right rail is raised 0.16 m through the circular portion of the curve. The semantic definition is

~~~
#64 = IFCALIGNMENTCANTSEGMENT($, $, 0., 100., 0., 0., 0.16, 0.16, .CONSTANTCANT.);
~~~

$D_s = \tfrac{0.0\ m + 0.16\ m}{2} = 0.08\ m \quad D_e = \tfrac{0.0\ m + 0.16\ m}{2} = 0.08\ m$

$\Delta D = D_e - D_s = 0.08\ m - 0.08\ m = 0.0\ m$

The parent curve has a constant deviating elevation at $0.08\ m$ and a slope of $0.0$.

Define the parent curve as an `IfcLine` passing through (0,0.08) in the direction (1,0).

~~~
#96=IFCCARTESIANPOINT((0.,0.));
#97=IFCDIRECTION((1.,0.));
#98=IFCVECTOR(#97,1.);
#99=IFCLINE(#96,#98);
~~~

The `IfcCurveSegment` trims a segment from the parent curve. The curve segment placement must capture the cross-slope rotation between the rail heads. For this reason the placement is an `IfcAxis2Placement3D` (instead of `IfcAxis2Placement2D` used for horizontal and vertical representations).

The cross-slope angle is $\phi = tan{-1}\left(\tfrac{D_{rh}}{D_{sr} - D_{sl}} \right)$.

$\phi = tan^{-1}\left(\tfrac{1.5}{0.16-0.0}\right) = 1.4645314$

**need to update numbers, fix ifcos implementation, regenerate files**

$\phi = \cos^{-1}\left(\tfrac{0.16-0}{1.5} \right) = 1.46392634582$

$dz_y = cos\phi = 0.10606498$

$dz_z = sin\phi = 0.99435920$

~~~
#100=IFCCARTESIANPOINT((0.,0.08,0.));
#101=IFCDIRECTION((0.,0.10606498139220574,0.99435920055192883));
#102=IFCDIRECTION((1.,0.,0.));
#103=IFCAXIS2PLACEMENT3D(#100,#101,#102);
#104=IFCCURVESEGMENT(.DISCONTINUOUS.,#103,IFCLENGTHMEASURE(0.),IFCLENGTHMEASURE(100.),#99);
~~~

### 4.3.3 Compute Point on Curve

#### Additive algorithm

Compute the placement matrix for a point $\ell = 50\ m$ from the start of the curve segment using the algorithm in Section 4.2.

**Step 1 — Form the curve segment placement matrix $M_{CSP}$**

$\mathbf{RefDir}_p = (1,\ 0,\ 0),\quad \mathbf{Axis}_p = (0,\ 0.10606498,\ 0.99435920)$

$\mathbf{Y}_p = \mathbf{Axis}_p \times \mathbf{RefDir}_p = (0,\ 0.99435920,\ -0.10606498)$

$$M_{CSP} = \begin{bmatrix} 
1 & 0 & 0 & 0 \\
0 & 0.99435920 & 0.10606498 & 0.08 \\
0 & -0.10606498 & 0.99435920 & 0 \\
0 & 0 & 0 & 1 
\end{bmatrix}$$

**Step 2 — Evaluate the parent curve at the trim start — $M_{PCS}$**

$s_0 = 0,\ D(0) = 0.08\ m,\ D'(0) = 0,\ \theta_s = 0$

For constant cant $\Delta D = 0$, so $\phi(s_0) = \phi_s = \phi_e = 1.4645314$.

$\mathbf{X}_s = (1,\ 0,\ 0),\quad \mathbf{Z}_s = (0,\ 0.10606498,\ 0.99435920)$

$\mathbf{Y}_s = \mathbf{Z}_s \times \mathbf{X}_s = (0,\ 0.99435920,\ -0.10606498)$

$\mathbf{Axis}_s = \mathbf{X}_s \times \mathbf{Y}_s = (0,\ 0.10606498,\ 0.99435920),\quad \mathbf{RefDir}_s = \mathbf{Y}_s \times \mathbf{Axis}_s = (1,\ 0,\ 0)$

$$M_{PCS} = \begin{bmatrix}
1 & 0 & 0 & 0 \\
0 & 0.99435920 & 0.10606498 & 0.08 \\
0 & -0.10606498 & 0.99435920 & 0 \\
0 & 0 & 0 & 1
\end{bmatrix}$$

For this segment $M_{PCS} = M_{CSP}$, because the placement location and orientation match the parent curve at the trim start exactly.

**Step 3 — Evaluate the parent curve at $\ell = 50\ m$ — $M_{PC\ell}$**

$D(50\ m) = 0.08\ m,\ D'(50\ m) = 0,\ \theta_\ell = 0$

Since $\Delta D = 0$, $\phi(50\ m) = \phi_s = 1.4645314$.

$\mathbf{Z}_\ell = (0,\ 0.10606498,\ 0.99435920),\quad \mathbf{Y}_\ell = \mathbf{Z}_\ell \times \mathbf{X}_\ell = (0,\ 0.99435920,\ -0.10606498)$

$$M_{PC\ell} = \begin{bmatrix}
1 & 0 & 0 & 50 \\
0 & 0.99435920 & 0.10606498 & 0.08 \\
0 & -0.10606498 & 0.99435920 & 0 \\
0 & 0 & 0 & 1
\end{bmatrix}$$

**Step 4 — Compute resulting cant**

$$M_c = M_{CSP} + M_{PC\ell} - M_{PCS}$$

Since $M_{CSP} = M_{PCS}$, this simplifies to $M_c = M_{PC\ell}$:

$$M_c = \begin{bmatrix} 
1 & 0 & 0 & 50 \\
0 & 0.99435920 & 0.10606498 & 0.08 \\
0 & -0.10606498 & 0.99435920 & 0 \\
0 & 0 & 0 & 1 
\end{bmatrix}$$

---

#### Normalization matrix approach

Compute the placement matrix for a point $\ell = 50\ m$ from the start of the curve segment.

**Step 1 — Form the curve segment placement matrix $M_{CSP}$**

$$\mathbf{RefDir}_p = (1,\ 0,\ 0),\quad \mathbf{Axis}_p = (0,\ 0.10606498,\ 0.99435920)$$
$$\mathbf{Y}_p = \mathbf{Axis}_p \times \mathbf{RefDir}_p = (0,\ -0.10606498,\ 0.99435920),\quad \mathbf{X}_p = \mathbf{Axis}_p \times \mathbf{Y}_p = (1,\ 0,\ 0)$$

$$M_{CSP} = \begin{bmatrix} 
1 & 0 & 0 & 0 \\
0 & 0.99435920 & 0.10606498 & 0.08 \\
0 & -0.10606498 & 0.99435920 & 0 \\
0 & 0 & 0 & 1 
\end{bmatrix}$$

**Step 2 — Evaluate the parent curve at the trim start and form the normalization matrix $M_N$**

$s_0 = 0, D(0) = D_0 = 0.08\ m, D'(0) = \theta_0 = 0.$

$$M_N = \begin{bmatrix}
1 & 0 & 0 & 0 \\
 0 & 1 & 0 & -0.08 \\ 
 0 & 0 & 1 & 0 \\
 0 & 0 & 0 & 1 
\end{bmatrix}$$

**Step 3 — Evaluate and map each point**

Evaluate the parent curve at $s = 50\ m$.

$D(50\ m) = 50\ m$

$D'(50\ m) = 0$

$$M_{PC} = \begin{bmatrix} 
1 & 0 & 0 & 50 \\
0 & 1 & 0 & 0.08 \\
0 & 0 & 1 & 0 \\
0 & 0 & 0 & 1 
\end{bmatrix}$$

Apply the normalization and placement in sequence:

$$M_c = M_{CSP}\ M_N\ M_{PC}$$

$$M_c =
\begin{bmatrix} 
1 & 0 & 0 & 0 \\
0 & 0.99435920 & 0.10606498 & 0.08 \\
0 & -0.10606498 & 0.99435920 & 0 \\
0 & 0 & 0 & 1 
\end{bmatrix}
\begin{bmatrix}
1 & 0 & 0 & 0 \\
 0 & 1 & 0 & -0.08 \\ 
 0 & 0 & 1 & 0 \\
 0 & 0 & 0 & 1 
\end{bmatrix}
\begin{bmatrix} 
1 & 0 & 0 & 50 \\
0 & 1 & 0 & 0.08 \\
0 & 0 & 1 & 0 \\
0 & 0 & 0 & 1 
\end{bmatrix}
$$

$$M_c = \begin{bmatrix} 
1 & 0 & 0 & 50 \\
0 & 0.99435920 & 0.10606498 & 0.08 \\
0 & -0.10606498 & 0.99435920 & 0 \\
0 & 0 & 0 & 1 
\end{bmatrix}$$

---

## 4.4 Linear Transition

A linear transition in cant is represented with an `IfcClothoid`.

<span style="background-color:yellow;color:black">
Need to complete re-evaluate linear transition for cant.
The math isn't working out
GENERATED__CantAlignment_LinearTransition_100.0_300_inf_1_Meter.ifc is the example
Evaluate at 0, 50 and 100 - slopes are all different in column 0
Go back to the reference implementation
</span>

### 4.4.1 Parent Curve Parametric Equations

The deviating elevation and its rate of change are given by the following equations.

$$\tfrac{D(s)}{L^{2}} = \tfrac{1}{A_{0}} + \tfrac{A_{1}}{\left| A_{1}^{3} \right|}s\ $$

$$\tfrac{d}{ds}D(s) = L^{2}\tfrac{A_{1}}{\left| A_{1}^{3} \right|}$$

$$a_{0} = D_{s},\ A_{0} = \tfrac{L^{2/1}}{\sqrt[1]a_{0}}\tfrac{a_0}{\left|a_0\right|},\ A_{0} = \tfrac{L^{2}}{a_{0}}$$

$$a_1 = \Delta D,\ A_1 = \tfrac{L^{\tfrac{3}{2}}}{\sqrt{\left| a_{1} \right|}}\tfrac{a_{1}}{\left| a_{1} \right|}$$

$A_1$ is the clothoid constant.

### 4.4.2 Semantic Definition to Geometry Mapping

Consider an alignment segment that has a clothoid transition curve towards the left. The track banks at a constantly increasing rate resulting in a linear deviation in the right rail elevation relative to the left rail. The right rail raises 160 mm over the 100 m segment length.

The semantic representation of the cant alignment is

~~~
#64 = IFCALIGNMENTCANTSEGMENT($, $, 0., 100., 0., 0., 0.16, 0., .LINEARTRANSITION.);
~~~

Compute the parent curve parameters.

$D_{sl} = 0\ m\quad D_{el} = 0\ m$

$D_{sr} = 0.16\ m\quad D_{er} = 0\ m$

$D_s = \tfrac{(0.16 + 0)}{2} = 0.08\ m$

$D_e = \tfrac{(0 + 0)}{2} = 0\ m$

$\Delta D = D_e - D_s = 0.0 - 0.08 = -0.08\ m$

$a_0 = D_s = 0.08\ m,\ A_0 = \tfrac{(100\ m)^2}{0.08\ m} = 125000\ m$

$a_{1} = \Delta D = -0.08\ m \quad A_{1} = \tfrac{{(100\ m)}^{\tfrac{3}{2}}}{\sqrt{|-0.08\ m|}}\tfrac{-0.08\ m}{|-0.08\ m|} = -3535.533906\ m$

The clothoid parent curve is

~~~
#96=IFCCARTESIANPOINT((0.,0.));
#97=IFCDIRECTION((1.,0.));
#98=IFCAXIS2PLACEMENT2D(#96,#97);
#99=IFCCLOTHOID(#98,-3535.533905932738);
~~~

The cant segment begins with a deviating elevation of

$$D(0\ m) = (100\ m)^2\left(\tfrac{1}{125000} + \tfrac{-3535.533906}{|-3535.533906|^3}(0\ m)\right) = 0.08\ m$$

The slope at the start of the segment is

$$D'(0\ m) = (100\ m)^{2}\tfrac{-3535.533906}{\left| -3535.533906^{3} \right|} = -0.0008$$

$$\theta_0 = tan^{-1}(-0.0008) = -0.00079999$$

$dx_x = cos(\theta_0) = 0.999999680$

$dy_x = sin(\theta_0) = -0.000799999744$

The cross-slope at the start of the segment is

$\phi(0) = \phi_s = tan^{-1}\left(\tfrac{D_{rh}}{D_{sr} - D_{sl}}\right) = tan^{-1}\left(\tfrac{1.5}{0.16 - 0.0}\right) = 1.464531464$

$dy_z = cos(\phi_s) = cos(1.464531464) = 0.106064981$

$dz_z = sin(\phi_s) = sin(1.464531464) = 0.994359201$

~~~
#100=IFCCARTESIANPOINT((0.,0.08,0.));
#101=IFCDIRECTION((0.,0.106064981,0.994359201));
#102=IFCDIRECTION((0.999999680,-0.000799999744,0.));
#103=IFCAXIS2PLACEMENT3D(#100,#101,#102);
#104=IFCCURVESEGMENT(.DISCONTINUOUS.,#103,IFCLENGTHMEASURE(0.),IFCLENGTHMEASURE(100.),#99);
~~~

### 4.4.3 Compute Point on Curve

#### Additive algorithm

Compute the cant placement matrix for a point $\ell = 50\ m$ from the start of the curve segment using the algorithm in Section 4.2.

**Step 1 — Form the curve segment placement matrix $M_{CSP}$**

$\mathbf{RefDir}_p = (0.9999996800,\ -0.000799999744,\ 0),\quad \mathbf{Axis}_p = (0,\ 0.106064981,\ 0.994359201)$

$\mathbf{Y}_p = \mathbf{Axis}_p \times \mathbf{RefDir}_p = (0.0007954871,\ 0.9943588828,\ -0.1060649471)$

$$M_{CSP} = \begin{bmatrix}
0.9999996800 & 0.0007954871 & 0 & 0 \\
-0.000799999744 & 0.9943588828 & 0.106064981 & 0.08 \\
0 & -0.1060649471 & 0.994359201 & 0 \\
0 & 0 & 0 & 1
\end{bmatrix}$$

**Step 2 — Evaluate the parent curve at the trim start — $M_{PCS}$**

$s_0 = 0,\ D(0) = 0.08\ m,\ D'(0) = -0.0008,\ \theta_s = -0.00079999$

$\phi_s = tan^{-1}\left(\tfrac{1.5}{0.16 - 0}\right) = 1.464531464$

$\mathbf{X}_s = (0.999999680,\ -0.000799999744,\ 0),\quad \mathbf{Z}_s = (0,\ 0.106064981,\ 0.994359201)$

$\mathbf{Y}_s = \mathbf{Z}_s \times \mathbf{X}_s = (0.0007954871,\ 0.9943588828,\ -0.1060649471)$

$\mathbf{Axis}_s = \mathbf{X}_s \times \mathbf{Y}_s = (0.0000849,\ 0.1060649,\ 0.9943592),\quad \mathbf{RefDir}_s = \mathbf{Y}_s \times \mathbf{Axis}_s = (0.999999680,\ -0.000799999744,\ 0)$

$$M_{PCS} = \begin{bmatrix}
0.9999996800 & 0.0007954871 & 0.0000849 & 0 \\
-0.000799999744 & 0.9943588828 & 0.1060649 & 0.08 \\
0 & -0.1060649471 & 0.9943592 & 0 \\
0 & 0 & 0 & 1
\end{bmatrix}$$

**Step 3 — Evaluate the parent curve at $\ell = 50\ m$ — $M_{PC\ell}$**

$D(50\ m) = 0.04\ m,\ D'(50\ m) = -0.0008,\ \theta_\ell = -0.00079999$

$\phi_e = \tfrac{\pi}{2}$ (both rails level at segment end)

$\phi(50\ m) = 1.464531464 + \left(\tfrac{\tfrac{\pi}{2} - 1.464531464}{-0.08}\right)(0.04 - 0.08) = 1.517663895$

$\mathbf{X}_\ell = (0.999999680,\ -0.000799999744,\ 0),\quad \mathbf{Z}_\ell = (0,\ 0.053107436,\ 0.998588804)$

$\mathbf{Y}_\ell = \mathbf{Z}_\ell \times \mathbf{X}_\ell = (0.000798871,\ 0.998588485,\ -0.053107419)$

$$M_{PC\ell} = \begin{bmatrix}
0.999999680 & 0.000798871 & 0 & 50 \\
-0.000799999744 & 0.998588485 & 0.053107436 & 0.04 \\
0 & -0.053107419 & 0.998588804 & 0 \\
0 & 0 & 0 & 1
\end{bmatrix}$$

**Step 4 — Compute resulting cant**

$$M_c = M_{CSP} + M_{PC\ell} - M_{PCS}$$

Since $M_{CSP} = M_{PCS}$, this simplifies to $M_c = M_{PC\ell}$:

$$M_c = \begin{bmatrix}
0.999999680 & 0.000798871 & 0 & 50 \\
-0.000799999744 & 0.998588485 & 0.053107436 & 0.04 \\
0 & -0.053107419 & 0.998588804 & 0 \\
0 & 0 & 0 & 1
\end{bmatrix}$$

$\mathbf{Axis} = (0,\ 0.053107436,\ 0.998588804),\quad \phi(50\ m) = 1.517663895$

---

#### Normalization matrix approach

Compute the cant placement matrix for a point $\ell = 50\ m$ from the start of the curve segment.

**Step 1 — Form the curve segment placement matrix $M_{CSP}$**

$\mathbf{RefDir}_p = (0.9999996800,-0.000799999744,0.),\ \mathbf{Axis}_p = (0.,0.106064981,0.994359201)$

$\mathbf{Y}_p = \mathbf{Axis}_p \times \mathbf{RefDir}_p = (0.0007954871, 0.9943588828, -0.1060649471)$

$$M_{CSP} = \begin{bmatrix} 
0.9999996800 & 0.0007954871 & 0 & 0 \\
-0.000799999744 & 0.9943588828 & 0.106064981 & 0.08 \\
0 & -0.1060649471 & 0.994359201 & 0 \\
0 & 0 & 0 & 1 
\end{bmatrix}$$

The $\mathbf{Axis}$ vector is perpendicular to the railhead cross slope line.

$\mathbf{Axis} = (0.0,\ 0.106064981,\ 0.994359201)$

$\phi_p = tan^{-1}\left(\tfrac{0.994359201}{0.106064981}\right) = 1.464531464$

With the cross section $y$-axis to the left and $z$-axis upwards, the vector is nearly vertical, pointing slightly to the left. This is consistent with a curve to the left and the right rail being superelevated.

**Step 2 — Evaluate the parent curve at the trim start and form the normalization matrix $M_N$**

From the parent curve 

$s_0 = 0$

$D(0\ m) = (100\ m)^{2}\left( \tfrac{1}{125000\ m} + \tfrac{(-3535.533906\ m)}{\left| (-3535.533906\ m)^{3} \right|}(0\ m) \right) = 0.08\ m$

$D'(0) = -0.0008,\ \theta_0 = -0.00079999$

$$M_N = \begin{bmatrix}
\cos\theta_0 & \sin\theta_0 & 0 & -s_0\cos\theta_0 - D_0\sin\theta_0 \\
-\sin\theta_0 & \cos\theta_0 & 0 & s_0\sin\theta_0 - D_0\cos\theta_0 \\
0 & 0 & 1 & 0 \\
0 & 0 & 0 & 1
\end{bmatrix}$$

$$M_N = \begin{bmatrix}
0.999999680 & -0.000799999744 & 0 & 0 \\
0.000799999744 & 0.999999680 & 0 & -0.08 \\
0 & 0 & 1 & 0 \\
0 & 0 & 0 & 1
\end{bmatrix}$$

**Step 3 — Evaluate and map each point**

Evaluate the parent curve at $s = 50\ m$

$D(50\ m) = (100\ m)^{2}\left( \tfrac{1}{125000\ m} + \tfrac{(-3535.533906\ m)}{\left| (-3535.533906\ m)^{3} \right|}(50\ m) \right) = 0.04\ m$

$D'(50\ m) = (100\ m)^{2}\tfrac{-3535.533906}{\left| -3535.533906^{3} \right|} = -0.0008$

$$M_{PC} = \begin{bmatrix} 
1 & 0 & 0 & 50 \\
0 & 1 & 0 & 0.04 \\
0 & 0 & 1 & 0 \\
0 & 0 & 0 & 1 
\end{bmatrix}$$

Apply the normalization and placement in sequence:

$M_c = M_{CSP}\ M_N\ M_{PC}$

$$M_c = 
\begin{bmatrix}
0.999999680000 & 0.0007988711 & 0.0000424859 & 0 \\
-0.000800000085 & 0.9985884845 & 0.053107402 & 0.08 \\
0 & -0.053107419 & 0.9985882289 & 0 \\
0 & 0 & 0 & 1
\end{bmatrix}
\begin{bmatrix}
1 & 0 & 0 & 0 \\
0 & 1 & 0 & -0.08 \\
0 & 0 & 1 & 0 \\
0 & 0 & 0 & 1
\end{bmatrix}
\begin{bmatrix}
1 & 0 & 0 & 50 \\
0 & 1 & 0 & 0.04 \\
0 & 0 & 1 & 0 \\
0 & 0 & 0 & 1
\end{bmatrix}
$$

$$M_c = \begin{bmatrix}
0.9999996836000798 & 0.0007955209455802008 & 0.0 & 50.0 \\
-0.0007909999255054242 & 0.9985884897861665 & 0.05310743567896648 & 0.04 \\
0.0 & -0.05310740211832019 & 0.9985888044014736 & 0.0 \\
0.0 & 0.0 & 0.0 & 1.0
\end{bmatrix}$$

$\mathbf{Axis} = (0.0,\ 0.05310743567896648,\ 0.9985888044014736)$

$\phi(50\ m) = tan^{-1}\left(\tfrac{0.9985888044014736}{0.05310743567896648}\right) = 1.517663895$

The $\mathbf{Axis}$ vector is closer to vertical half way through the cant segment. At the end of the cant segment, $\phi$ will be $\tfrac{\pi}{2}$ (This is left for an exercise for the reader - repeat Step 4 with $\ell=100\ m$ to verify ).

As a quick check, the $\mathbf{\text{Axis}}$ direction vector half way through the cant segment should be the average value. $\tfrac{1.464531464+\tfrac{\pi}{2}}{2} = 1.517663895 = \phi(50\ m)$

## 4.5 Helmert Curve

Like the Helmert transition spiral, the Helmert cant semantic definition maps to two `IfcCurveSegment` instances for the geometric representation. The parent curve is `IfcSecondOrderPolynomialSpiral`.

### 4.5.1 Parent Curve Parametric Equations

The deviating elevation and its rate of change are given by the following equations.

$$\tfrac{D(s)}{L^{2}} = \tfrac{1}{A_{2}^{3}}s^{2} + \tfrac{A_{1}}{\left| A_{1}^{3} \right|}s + \tfrac{1}{A_{0}}$$

$$\tfrac{d}{ds}D(s) = L^{2}\left( \tfrac{2s}{A_{2}^{3}} + \tfrac{A_{1}}{\left| A_{1}^{3} \right|} \right)$$

The polynomial coefficients carry a second subscript to indicate first half $1$, and second half $2$. For example, $A_{21}$ is coefficient $A_2$ for the first half and $A_{02}$ is coefficient $A_0$ for the second half. 

In the first half of the cant transition

Constant Term:

 $a_{01} = 4D_{s}$,
$A_{01} = \tfrac{L^{2}}{\left| a_{o1} \right|}\tfrac{a_{01}}{\left| a_{o1} \right|}$

Linear Term: 

$a_{11} = 0$,
$A_{11} = \tfrac{L^{\tfrac{3}{2}}}{\sqrt{\left| a_{11} \right|}}\tfrac{a_{11}}{\left| a_{11} \right|} = 0$

Quadratic Term:

$a_{21} = 8\Delta D$,
$A_{21} = \tfrac{L^{4\text{/}3}}{\sqrt[3]{\left| a_{21} \right|}}\tfrac{a_{21}}{\left| a_{21} \right|}$

In the second half

Constant Term: 

$a_{02} = -4\Delta D + 4D_{s}$,
$A_{02} = \tfrac{L^{2}}{\left| a_{02} \right|}\tfrac{a_{01}}{\left| a_{02} \right|}$

Linear Term: 

$a_{12} = 16\Delta D$,
$A_{12} = \tfrac{L^{\tfrac{3}{2}}}{\sqrt{\left| a_{12} \right|}}\tfrac{a_{12}}{\left| a_{12} \right|}$

Quadratic Term: 

$a_{22} = -8\Delta D$,
$A_{22} = \tfrac{L^{\tfrac{4}{3}}}{\sqrt[3]{\left| a_{22} \right|}}\tfrac{a_{22}}{\left| a_{22} \right|}$


### 4.5.2 Semantic Definition to Geometry Mapping

Consider an alignment segment that has a Helmert transition curve towards the left. The start cant is $160\ mm$ and transitions to zero over $100\ m$.

~~~
#64=IFCALIGNMENTCANTSEGMENT($,$,0.,100.,0.,0.,0.16,0.,.HELMERTCURVE.);
~~~

Compute the parent curve parameters

$$L = 100\ m$$

$$D_{sl} = 0\ m,\ D_{el} = 0\ m$$

$$D_{sr} = 0.16\ m,\ D_{er} = 0\ m$$

$$D_{s} = \tfrac{0 + 0.16\ m}{2} = 0.08\ m$$

$$D_{e} = \tfrac{0 + 0}{2} = 0.\ m$$

$$\Delta D = 0.0 - 0.08 = -0.08\ m$$

First half:

$$a_{01} = 4D_{s} = 4(0.08\ m) = 0.32\ m$$

$$A_{01} = \tfrac{L^{2}}{\left| a_{o1} \right|}\tfrac{a_{01}}{\left| a_{o1} \right|} = \tfrac{(100\ m)^{2}}{|0.32\ m|}\tfrac{0.32\ m}{|0.32\ m|} = 31250\ m$$

$$a_{11} = 0,\ A_{11} = 0$$

$$a_{21} = 8\Delta D = 8(-0.08\ m) = -0.64\ m$$

$$A_{21} = \tfrac{L^{4\text{/}3}}{\sqrt[3]{\left| a_{21} \right|}}\tfrac{a_{21}}{\left| a_{21} \right|} = \tfrac{(100\ m)^\tfrac{4}{3}}{\sqrt[3]{| - 0.64\ m|}}\tfrac{-0.64\ m}{|-0.64\ m|} = -538.6086725\ m$$

The first half parent curve `IfcSecondOrderPolynomialSpiral` is
~~~
#104=IFCCARTESIANPOINT((0.,0.));
#105=IFCDIRECTION((1.,0.));
#106=IFCAXIS2PLACEMENT2D(#104,#105);
#107=IFCSECONDORDERPOLYNOMIALSPIRAL(#106,-538.60867250797071,$,31250.);
~~~

Determine the first half placement and trimming.

Note that the length of the first half curve is $L_1 =50\ m$, half the length of the full Helmert transition.

<span style="background-color: yellow;color: black">
[todo - Need to do a better job explaining why L/2 when A is computed on full L. There is a plot of the two parent curves planned, perhaps this will help explain the situation.]
</span>

The deviation elevation at the start of the first half transition is

$$D(0\ m) = (50\ m)^{2}\left( \tfrac{1}{31250\ m} + \tfrac{1}{(-538.6086725\ m)^{3}}(0\ m)^{2} \right) = 0.08\ m$$

$$D'(0\ m) = (50\ m)^{2}\left( \tfrac{2(0\ m)}{(-538.6086725\ m)^{3}}\right) = 0$$

$\theta = 0,\ dx_x = 1, dy_x = 0$

The cross slope is 

$\phi_s = tan^{-1}\left(\tfrac{D_{rh}}{D_{sr} - D_{sl}}\right) = tan^{-1}\left(\tfrac{1.5}{0.16 - 0.0}\right) = 1.464531464$

$dy_z = cos(\phi_s) = cos(1.464531464) = 0.106064981$

$dz_z = sin(\phi_s) = sin(1.464531464) = 0.994359201$

~~~
#108=IFCCARTESIANPOINT((0.,0.08,0.));
#109=IFCDIRECTION((0.,0.10606498139220574,0.99435920055192883));
#110=IFCDIRECTION((1.,0.,0.));
#111=IFCAXIS2PLACEMENT3D(#108,#109,#110);
#112=IFCCURVESEGMENT(.CONTINUOUS.,#111,IFCLENGTHMEASURE(0.),IFCLENGTHMEASURE(50.),#107);
~~~

Second half:

$$a_{02} = -4\Delta D + 4D_{s} = -4(-0.08\ m) + 4(0.08)\ m = 0.64\ m$$

$$A_{02} = \tfrac{L^{2}}{\left| a_{02} \right|}\tfrac{a_{01}}{\left| a_{02} \right|} = \tfrac{(100\ m)^{2}}{|0.64\ m|}\tfrac{0.64\ m}{|0.64\ m|} = 15625\ m$$

$$a_{12} = 16\Delta D = 16(-0.08\ m) = -1.28\ m$$
$$A_{12} = \tfrac{L^{\tfrac{3}{2}}}{\sqrt{\left| a_{12} \right|}}\tfrac{a_{12}}{\left| a_{12} \right|} = \tfrac{(100\ m)^{\tfrac{3}{2}}}{\sqrt{|-1.28\ m|}}\tfrac{-1.28\ m}{|-1.28\ m|} = -883.8834765\ m$$

$$a_{22} = -8\Delta D = -8(-0.08\ m) = 0.64\ m$$

$$A_{22} = \tfrac{L^{\tfrac{4}{3}}}{\sqrt[3]{\left| a_{22} \right|}}\tfrac{a_{22}}{\left| a_{22} \right|} = \tfrac{(100\ m)^{\tfrac{4}{3}}}{\sqrt[3]{|0.64\ m|}}\tfrac{0.64\ m}{|0.64\ m|} = 538.6086725\ m$$

The second half parent curve `IfcSecondOrderPolynomialSpiral` is
~~~
#113=IFCCARTESIANPOINT((0.,0.));
#114=IFCDIRECTION((1.,0.));
#115=IFCAXIS2PLACEMENT2D(#113,#114);
#116=IFCSECONDORDERPOLYNOMIALSPIRAL(#115,538.60867250797071,-883.8834764831845,15625.);
~~~

Determine the second half placement and trimming.

The starting elevation of the second half is the end elevation of the first half. Use the first half parent curve to determine the start of the second half curve.

$$D(50\ m) = (50\ m)^{2}\left( \tfrac{1}{31250\ m} + \tfrac{1}{(-538.6086725\ m)^{3}}(50\ m)^{2} \right) = 0.04\ m$$

$$D'(50\ m) = (50\ m)^2\left(\tfrac{2\cdot 50\ m}{(-538.6086725\ m)^3}\right) = -0.0016$$

$dx_x = \tfrac{1}{\sqrt{(-0.0016)^2 + 1}} = 0.999998724,\ dy_x = \tfrac{-0.0016}{\sqrt{(-0.0016)^2 + 1}} = -0.00159999795$

The cross slope at the end of the first half is 

$\phi(50\ m) = 1.464531464 + \left(\tfrac{\tfrac{\pi}{2} - 1.464531464}{0.08\ m}\right)(0.04\ m - 0.08\ m) = 1.517663895$

$dy_z = cos(\phi_s) = cos(1.517663895) = 0.053107436$

$dz_z = sin(\phi_s) = sin(1.517663895) = 0.998588804$

The trimming begins at $50\ m$ and progresses for a length of $50\ m$ for the second half segment.
~~~
#117=IFCCARTESIANPOINT((50.,0.04,0.));
#118=IFCDIRECTION((0.,0.053257642916150753,0.99858080467782662));
#119=IFCDIRECTION((0.9999987200024576,-0.0015999979520039342,0.));
#120=IFCAXIS2PLACEMENT3D(#117,#118,#119);
#121=IFCCURVESEGMENT(.CONTINUOUS.,#120,IFCLENGTHMEASURE(50.),IFCLENGTHMEASURE(50.),#116);
~~~

### 4.5.3 Compute Point on Curve

Compute the cant placement matrix for a point $\ell = 75\ m$ from the start of the curve segment. 

**Step 1 — Form the curve segment placement matrix $M_{CSP}$**

$\mathbf{RefDir_p} = (0.9999987200024576,-0.0015999979520039342,0.),\ \mathbf{Axis_p} = (0.,0.053257642916150753,0.99858080467782662)$

$\mathbf{Y_p} = \mathbf{Axis_p} \times \mathbf{RefDir_p} = (0.001597727253, 0.998579530, -0.0532575749)$

$$M_{CSP} = \begin{bmatrix}
0.999998720 & 0.001597727253 & 0 & 50.0 \\
-0.001599997953 & 0.998579530 & 0.0532576429 & 0.04 \\
 0 & -0.0532575749 & 0.998580805 & 0 \\
 0 & 0 & 0 & 1
 \end{bmatrix}$$

**Step 2 — Evaluate the parent curve at the trim start and form the normalization matrix $M_N$**

From the parent curve 

$s_0 = 50\ m$

$D(50\ m) = (100\ m)^2\left(\tfrac{1}{(538.6086725\ m)^3}(50\ m)^2 + \tfrac{-883.8834765}{\left| (-883.8834765\ m)^3 \right|}(50\ m) + \tfrac{1}{15625\ m} \right) = 0.16\ m$

$D'(50\ m) = (100\ m)^{2}\left( \tfrac{2(50\ m)}{(538.6086725\ m)^{3}} + \tfrac{-883.8834765\ m}{\left| (-883.8834765\ m)^{3} \right|} \right) = -0.0064$

$\theta_0 = tan^{-1}(-0.0064) = -0.006399913$

$cos \theta_0 = cos(\theta_0) = 0.999979521$

$sin \theta_0 = sin(\theta_0) = -0.006399869$

$$M_N = \begin{bmatrix}
\cos\theta_0 & \sin\theta_0 & 0 & -s_0\cos\theta_0 - D_0\sin\theta_0 \\
-\sin\theta_0 & \cos\theta_0 & 0 & s_0\sin\theta_0 - D_0\cos\theta_0 \\
0 & 0 & 1 & 0 \\
0 & 0 & 0 & 1
\end{bmatrix}$$

$-(50\ m)(0.999979521) - (0.16\ m)(-0.006399869) = -49.99795207$

**[todo: check the math]**

$(50\ m)(-0.006399869) - (0.16\ m)(0.999979521) = -0.47999017$

$$M_N = \begin{bmatrix}
0.999979521 & -0.006399869 & 0 & -49.99795207 \\
0.006399869 & 0.999979521 & 0 & -0.47999017 \\
0 & 0 & 1 & 0 \\
0 & 0 & 0 & 1
\end{bmatrix}$$

**Step 3 — Evaluate and map each point**
 
A point $\ell = 75\ m$ from the start of the segment is in the second half of the helmert curve. Evaluate the second half parent curve at $s = \ell = 75\ m$

$$D(75\ m) = (100\ m)^2\left(\tfrac{1}{(538.6086725\ m)^3}(75\ m)^2 + \tfrac{-883.8834765\ m}{\left| (-883.8834765\ m)^3 \right|}(75\ m) + \tfrac{1}{15625\ m} \right) = 0.04\ m$$

$$D'(75\ m) = (100\ m)^{2}\left( \tfrac{2(75\ m)}{(538.6086725\ m)^{3}} + \tfrac{-883.8834765\ m}{\left| (-883.8834765\ m)^{3} \right|} \right) = -0.032$$

$\theta = tan^{-1}(-0.0032) = -0.00319998908$

$dx_x = cos(\theta) = 0.99999488004$

$dx_y = sin(\theta) = -0.00319998362$


$$M_{PC} = \begin{bmatrix} 
0.99999488004 & 0.00319998362 & 0 & 75 \\
-0.00319998362 & 0.99999488004 & 0 & 0.04 \\
0 & 0 & 1 & 0 \\
0 & 0 & 0 & 1 
\end{bmatrix}$$

Apply the normalization and placement in sequence:

$M_c = M_{CSP}M_N M_{PC}$

$$M_c = 
\begin{bmatrix}
0.999998720 & 0.001597727253 & 0 & 50.0 \\
-0.001599997953 & 0.998579530 & 0.0532576429 & 0.04 \\
 0 & -0.0532575749 & 0.998580805 & 0 \\
 0 & 0 & 0 & 1
\end{bmatrix}
\begin{bmatrix}
0.999979521 & -0.006399869 & 0 & -49.99795207 \\
0.006399869 & 0.999979521 & 0 & -0.47999017 \\
0 & 0 & 1 & 0 \\
0 & 0 & 0 & 1
\end{bmatrix}
\begin{bmatrix}
0.99999488004 & 0.00319998362 & 0 & 75 \\
-0.00319998362 & 0.99999488004 & 0 & 0.04 \\
0 & 0 & 1 & 0 \\
0 & 0 & 0 & 1 
\end{bmatrix}
$$

<span style="background-color: pink;color: black">
[todo - verify matrix multiplication - final result is correct from IfcOpenShell - transformation matrix looks wacky]
</span>

$$M_c = \begin{bmatrix}
0.999999684 & 0.000799928774 & -0000745557622 & 75.0 \\
-0.000795461553 & 0.999910964 & 0.0133204468 & 0.01 \\
0.0000850911873 & -0.0133203149 & 0.999911281 & 0 \\
0 & 0 & 0 & 1
\end{bmatrix}$$

## 4.6 Bloss Curve

A Bloss transition in cant is represented with an `IfcThirdOrderPolynomialSpiral`.

### 4.6.1 Parent Curve Parametric Equations

The deviating elevation and its rate of change are given by the following equations.

$$\tfrac{D(s)}{L^{2}} = \tfrac{A_{3}}{\left| A_{3}^{5} \right|}s^{3} + \tfrac{1}{A_{2}^{3}}s^{2} + \tfrac{A_{1}}{2\left| A_{1}^{3} \right|}s + \tfrac{1}{A_{0}}$$

